54,52
54,51
54,50
54,49
54,48
54,47
54,46
54,45
54,44
54,43
54,42
54,41
54,40
54,39
54,38
54,37
54,36
54,35
10,205
10,265
10,311
10,83
10,17
10,113
10,135
10,23
10,2
10,3
11,11
11,13
9,7
9,1
9,5
9,2
9,3
8,13
8,5
8,7
8,18
8,6
0,438
45,3
45,1
41,4
41,3
41,2
41,1
41,0
40,5
40,4
40,3
40,2
40,1
40,0
39,4
39,3
39,2
39,1
39,0
36,3
36,1
35,4
35,3
35,1
34,4
34,1
33,3
33,1
30,3
30,1
29,4
29,3
29,1
27,3
27,1
20,3
20,2
20,1
19,3
19,2
19,1
12,3
12,2
12,1
11,30
11,26
11,25
11,23
11,20
11,19
11,16
11,15
11,12
11,10
18,1
18,3
